/*--------------------------------*- C++ -*----------------------------------*\
| =========                 |                                                 |
| \\      /  F ield         | OpenFOAM: The Open Source CFD Toolbox           |
|  \\    /   O peration     | Version:  2606                                  |
|   \\  /    A nd           | Website:  www.openfoam.com                      |
|    \\/     M anipulation  |                                                 |
\*---------------------------------------------------------------------------*/
FoamFile
{
    version     2.0;
    format      ascii;
    arch        "LSB;label=32;scalar=64";
    class       faceList;
    location    "constant/polyMesh";
    object      faces;
}
// * * * * * * * * * * * * * * * * * * * * * * * * * * * * * * * * * * * * * //


401
(
4(4 7 6 5)
4(8 11 10 9)
4(12 15 14 13)
4(16 19 18 17)
4(20 23 22 21)
4(24 27 26 25)
4(28 31 30 29)
4(32 35 34 33)
4(36 39 38 37)
4(40 43 42 41)
4(44 47 46 45)
4(48 51 50 49)
4(52 55 54 53)
4(56 59 58 57)
4(60 63 62 61)
4(64 67 66 65)
4(68 71 70 69)
4(72 75 74 73)
4(76 79 78 77)
4(80 83 82 81)
4(84 87 86 85)
4(88 91 90 89)
4(92 95 94 93)
4(96 99 98 97)
4(100 103 102 101)
4(104 107 106 105)
4(108 111 110 109)
4(112 115 114 113)
4(116 119 118 117)
4(120 123 122 121)
4(124 127 126 125)
4(128 131 130 129)
4(132 135 134 133)
4(136 139 138 137)
4(140 143 142 141)
4(144 147 146 145)
4(148 151 150 149)
4(152 155 154 153)
4(156 159 158 157)
4(160 163 162 161)
4(164 167 166 165)
4(168 171 170 169)
4(172 175 174 173)
4(176 179 178 177)
4(180 183 182 181)
4(184 187 186 185)
4(188 191 190 189)
4(192 195 194 193)
4(196 199 198 197)
4(200 203 202 201)
4(204 207 206 205)
4(208 211 210 209)
4(212 215 214 213)
4(216 219 218 217)
4(220 223 222 221)
4(224 227 226 225)
4(228 231 230 229)
4(232 235 234 233)
4(236 239 238 237)
4(240 243 242 241)
4(244 247 246 245)
4(248 251 250 249)
4(252 255 254 253)
4(256 259 258 257)
4(260 263 262 261)
4(264 267 266 265)
4(268 271 270 269)
4(272 275 274 273)
4(276 279 278 277)
4(280 283 282 281)
4(284 287 286 285)
4(288 291 290 289)
4(292 295 294 293)
4(296 299 298 297)
4(300 303 302 301)
4(304 307 306 305)
4(308 311 310 309)
4(312 315 314 313)
4(316 319 318 317)
4(0 1 2 3)
4(320 323 322 321)
4(0 4 5 1)
4(1 5 6 2)
4(2 6 7 3)
4(3 7 4 0)
4(4 8 9 5)
4(5 9 10 6)
4(6 10 11 7)
4(7 11 8 4)
4(8 12 13 9)
4(9 13 14 10)
4(10 14 15 11)
4(11 15 12 8)
4(12 16 17 13)
4(13 17 18 14)
4(14 18 19 15)
4(15 19 16 12)
4(16 20 21 17)
4(17 21 22 18)
4(18 22 23 19)
4(19 23 20 16)
4(20 24 25 21)
4(21 25 26 22)
4(22 26 27 23)
4(23 27 24 20)
4(24 28 29 25)
4(25 29 30 26)
4(26 30 31 27)
4(27 31 28 24)
4(28 32 33 29)
4(29 33 34 30)
4(30 34 35 31)
4(31 35 32 28)
4(32 36 37 33)
4(33 37 38 34)
4(34 38 39 35)
4(35 39 36 32)
4(36 40 41 37)
4(37 41 42 38)
4(38 42 43 39)
4(39 43 40 36)
4(40 44 45 41)
4(41 45 46 42)
4(42 46 47 43)
4(43 47 44 40)
4(44 48 49 45)
4(45 49 50 46)
4(46 50 51 47)
4(47 51 48 44)
4(48 52 53 49)
4(49 53 54 50)
4(50 54 55 51)
4(51 55 52 48)
4(52 56 57 53)
4(53 57 58 54)
4(54 58 59 55)
4(55 59 56 52)
4(56 60 61 57)
4(57 61 62 58)
4(58 62 63 59)
4(59 63 60 56)
4(60 64 65 61)
4(61 65 66 62)
4(62 66 67 63)
4(63 67 64 60)
4(64 68 69 65)
4(65 69 70 66)
4(66 70 71 67)
4(67 71 68 64)
4(68 72 73 69)
4(69 73 74 70)
4(70 74 75 71)
4(71 75 72 68)
4(72 76 77 73)
4(73 77 78 74)
4(74 78 79 75)
4(75 79 76 72)
4(76 80 81 77)
4(77 81 82 78)
4(78 82 83 79)
4(79 83 80 76)
4(80 84 85 81)
4(81 85 86 82)
4(82 86 87 83)
4(83 87 84 80)
4(84 88 89 85)
4(85 89 90 86)
4(86 90 91 87)
4(87 91 88 84)
4(88 92 93 89)
4(89 93 94 90)
4(90 94 95 91)
4(91 95 92 88)
4(92 96 97 93)
4(93 97 98 94)
4(94 98 99 95)
4(95 99 96 92)
4(96 100 101 97)
4(97 101 102 98)
4(98 102 103 99)
4(99 103 100 96)
4(100 104 105 101)
4(101 105 106 102)
4(102 106 107 103)
4(103 107 104 100)
4(104 108 109 105)
4(105 109 110 106)
4(106 110 111 107)
4(107 111 108 104)
4(108 112 113 109)
4(109 113 114 110)
4(110 114 115 111)
4(111 115 112 108)
4(112 116 117 113)
4(113 117 118 114)
4(114 118 119 115)
4(115 119 116 112)
4(116 120 121 117)
4(117 121 122 118)
4(118 122 123 119)
4(119 123 120 116)
4(120 124 125 121)
4(121 125 126 122)
4(122 126 127 123)
4(123 127 124 120)
4(124 128 129 125)
4(125 129 130 126)
4(126 130 131 127)
4(127 131 128 124)
4(128 132 133 129)
4(129 133 134 130)
4(130 134 135 131)
4(131 135 132 128)
4(132 136 137 133)
4(133 137 138 134)
4(134 138 139 135)
4(135 139 136 132)
4(136 140 141 137)
4(137 141 142 138)
4(138 142 143 139)
4(139 143 140 136)
4(140 144 145 141)
4(141 145 146 142)
4(142 146 147 143)
4(143 147 144 140)
4(144 148 149 145)
4(145 149 150 146)
4(146 150 151 147)
4(147 151 148 144)
4(148 152 153 149)
4(149 153 154 150)
4(150 154 155 151)
4(151 155 152 148)
4(152 156 157 153)
4(153 157 158 154)
4(154 158 159 155)
4(155 159 156 152)
4(156 160 161 157)
4(157 161 162 158)
4(158 162 163 159)
4(159 163 160 156)
4(160 164 165 161)
4(161 165 166 162)
4(162 166 167 163)
4(163 167 164 160)
4(164 168 169 165)
4(165 169 170 166)
4(166 170 171 167)
4(167 171 168 164)
4(168 172 173 169)
4(169 173 174 170)
4(170 174 175 171)
4(171 175 172 168)
4(172 176 177 173)
4(173 177 178 174)
4(174 178 179 175)
4(175 179 176 172)
4(176 180 181 177)
4(177 181 182 178)
4(178 182 183 179)
4(179 183 180 176)
4(180 184 185 181)
4(181 185 186 182)
4(182 186 187 183)
4(183 187 184 180)
4(184 188 189 185)
4(185 189 190 186)
4(186 190 191 187)
4(187 191 188 184)
4(188 192 193 189)
4(189 193 194 190)
4(190 194 195 191)
4(191 195 192 188)
4(192 196 197 193)
4(193 197 198 194)
4(194 198 199 195)
4(195 199 196 192)
4(196 200 201 197)
4(197 201 202 198)
4(198 202 203 199)
4(199 203 200 196)
4(200 204 205 201)
4(201 205 206 202)
4(202 206 207 203)
4(203 207 204 200)
4(204 208 209 205)
4(205 209 210 206)
4(206 210 211 207)
4(207 211 208 204)
4(208 212 213 209)
4(209 213 214 210)
4(210 214 215 211)
4(211 215 212 208)
4(212 216 217 213)
4(213 217 218 214)
4(214 218 219 215)
4(215 219 216 212)
4(216 220 221 217)
4(217 221 222 218)
4(218 222 223 219)
4(219 223 220 216)
4(220 224 225 221)
4(221 225 226 222)
4(222 226 227 223)
4(223 227 224 220)
4(224 228 229 225)
4(225 229 230 226)
4(226 230 231 227)
4(227 231 228 224)
4(228 232 233 229)
4(229 233 234 230)
4(230 234 235 231)
4(231 235 232 228)
4(232 236 237 233)
4(233 237 238 234)
4(234 238 239 235)
4(235 239 236 232)
4(236 240 241 237)
4(237 241 242 238)
4(238 242 243 239)
4(239 243 240 236)
4(240 244 245 241)
4(241 245 246 242)
4(242 246 247 243)
4(243 247 244 240)
4(244 248 249 245)
4(245 249 250 246)
4(246 250 251 247)
4(247 251 248 244)
4(248 252 253 249)
4(249 253 254 250)
4(250 254 255 251)
4(251 255 252 248)
4(252 256 257 253)
4(253 257 258 254)
4(254 258 259 255)
4(255 259 256 252)
4(256 260 261 257)
4(257 261 262 258)
4(258 262 263 259)
4(259 263 260 256)
4(260 264 265 261)
4(261 265 266 262)
4(262 266 267 263)
4(263 267 264 260)
4(264 268 269 265)
4(265 269 270 266)
4(266 270 271 267)
4(267 271 268 264)
4(268 272 273 269)
4(269 273 274 270)
4(270 274 275 271)
4(271 275 272 268)
4(272 276 277 273)
4(273 277 278 274)
4(274 278 279 275)
4(275 279 276 272)
4(276 280 281 277)
4(277 281 282 278)
4(278 282 283 279)
4(279 283 280 276)
4(280 284 285 281)
4(281 285 286 282)
4(282 286 287 283)
4(283 287 284 280)
4(284 288 289 285)
4(285 289 290 286)
4(286 290 291 287)
4(287 291 288 284)
4(288 292 293 289)
4(289 293 294 290)
4(290 294 295 291)
4(291 295 292 288)
4(292 296 297 293)
4(293 297 298 294)
4(294 298 299 295)
4(295 299 296 292)
4(296 300 301 297)
4(297 301 302 298)
4(298 302 303 299)
4(299 303 300 296)
4(300 304 305 301)
4(301 305 306 302)
4(302 306 307 303)
4(303 307 304 300)
4(304 308 309 305)
4(305 309 310 306)
4(306 310 311 307)
4(307 311 308 304)
4(308 312 313 309)
4(309 313 314 310)
4(310 314 315 311)
4(311 315 312 308)
4(312 316 317 313)
4(313 317 318 314)
4(314 318 319 315)
4(315 319 316 312)
4(316 320 321 317)
4(317 321 322 318)
4(318 322 323 319)
4(319 323 320 316)
)


// ************************************************************************* //
